# Undirected graph (each unordered pair of nodes is saved once): graphs/2016-3comments-1000CommentCap--_.txt
# Nodes: 1067467 Edges: 480
# NodeId	NodeId
20	34
20	215
20	1431
20	4856
20	5199
20	6418
20	9860
20	17807
20	26264
20	29840
20	57460
20	65726
20	67350
20	76627
20	101220
20	117558
20	129293
20	255681
20	291302
20	472584
34	215
34	612
34	1431
34	4856
34	6418
34	9860
34	26264
34	26496
34	57460
34	65175
34	65726
34	67350
34	81034
34	98543
34	101220
34	111687
34	112689
34	129115
34	129293
34	255681
34	317307
34	472584
34	587523
69	214
69	215
69	612
69	1431
69	4856
69	5199
69	6418
69	9860
69	65726
69	67350
69	76627
69	98543
69	101220
69	112689
69	117558
69	129293
69	188617
184	612
184	2557
184	4856
184	6804
184	7931
184	8845
184	9860
184	26496
184	46769
184	56986
184	70029
184	78596
184	81034
184	83416
184	98543
184	111687
184	129293
184	188617
184	255681
214	578
214	5199
214	26264
214	29840
214	57460
214	76627
214	111687
214	112689
214	132261
214	159152
214	587523
215	612
215	1431
215	4856
215	5199
215	6418
215	8845
215	26496
215	65726
215	67350
215	78596
215	83416
215	101220
215	112689
215	129293
578	5199
578	9860
578	26264
578	112689
612	7931
612	9860
612	56986
612	65726
612	67350
612	83416
612	98543
612	101220
612	112689
612	129293
612	188617
612	255681
1431	4856
1431	5199
1431	6418
1431	17807
1431	21991
1431	26264
1431	29840
1431	33670
1431	57460
1431	65726
1431	67350
1431	68960
1431	76627
1431	78596
1431	98543
1431	101220
1431	111687
1431	112689
1431	129293
1431	255681
1431	317307
1431	472584
1431	558576
1431	564527
2557	4856
2557	7931
2557	8845
2557	29840
2557	46769
2557	65175
2557	65726
2557	70029
2557	78596
2557	81034
2557	83416
2557	111687
2557	188617
2557	317307
2557	564527
4856	5199
4856	6418
4856	9860
4856	17807
4856	26264
4856	26496
4856	29840
4856	46769
4856	65175
4856	65726
4856	67350
4856	68960
4856	70029
4856	76627
4856	78596
4856	79856
4856	81034
4856	83416
4856	98543
4856	101220
4856	111687
4856	112689
4856	117558
4856	129293
4856	255681
4856	279268
4856	317307
4856	352643
4856	472584
5199	6418
5199	7931
5199	9860
5199	17807
5199	21991
5199	26496
5199	29840
5199	57460
5199	65175
5199	65726
5199	67350
5199	76627
5199	78596
5199	101220
5199	111687
5199	117558
5199	472584
5199	564527
5199	587523
5917	65726
6418	9860
6418	17807
6418	26264
6418	29840
6418	65726
6418	67350
6418	68960
6418	76627
6418	78596
6418	81034
6418	98543
6418	101220
6418	111687
6418	112689
6418	117558
6418	129293
6418	132261
6418	255681
6418	291302
6418	317307
6418	352643
6418	472584
6488	21991
6488	98543
6804	8845
6804	14427
6804	26496
6804	56986
6804	70029
6804	111687
6804	188617
7748	29840
7748	65726
7748	92319
7748	101220
7748	112689
7748	129293
7931	8845
7931	21991
7931	46769
7931	65726
7931	70029
7931	78596
7931	81034
7931	83416
7931	188617
7931	472584
8845	67350
8845	70029
8845	78596
8845	81034
8845	83416
8845	188617
9860	17807
9860	21991
9860	29840
9860	65175
9860	65726
9860	67350
9860	78596
9860	98543
9860	111687
9860	112689
9860	129293
9860	132261
9860	255681
14427	111687
17512	67350
17807	65726
17807	98543
17807	101220
17807	112689
17807	129293
21991	81034
21991	98543
21991	117558
26264	29840
26264	52287
26264	57460
26264	65726
26264	67350
26264	98543
26264	101220
26264	111687
26264	112689
26264	117558
26264	132261
26264	255681
26264	472584
26264	564527
26264	587523
26264	705175
26496	46769
26496	57460
26496	70029
26496	78596
26496	83416
26496	101220
26496	111687
29840	33670
29840	57460
29840	65175
29840	65726
29840	67350
29840	78596
29840	81034
29840	101220
29840	111687
29840	112689
29840	117558
29840	129293
29840	132261
29840	255681
29840	472584
29840	548350
29840	587523
33670	52287
33670	101220
33670	111687
33670	129293
33670	255681
46769	70029
46769	78596
46769	83416
46769	188617
52287	65726
56986	65726
56986	70029
56986	78596
56986	98543
56986	112689
56986	255681
57460	65726
57460	67350
57460	76627
57460	81034
57460	101220
57460	111687
57460	129115
57460	255681
57460	472584
57460	564527
65175	67350
65175	70029
65175	76627
65175	101220
65175	111687
65175	112689
65175	129293
65175	188617
65272	67350
65272	81034
65272	112689
65272	117558
65272	132261
65726	68960
65726	70029
65726	78596
65726	81034
65726	101220
65726	111687
65726	112689
65726	117558
65726	129293
65726	255681
65726	472584
65726	548350
65726	564527
65726	587523
67350	67618
67350	76627
67350	98543
67350	101220
67350	111687
67350	112098
67350	112689
67350	117558
67350	255681
67618	98543
68960	78596
68960	81034
68960	101220
68960	112689
68960	129293
68960	255681
68960	291302
68960	472584
70029	78596
70029	83416
70029	98543
70029	112689
70029	129293
70029	188617
70029	255681
76627	79856
76627	98543
76627	101220
76627	117558
76627	132261
76627	317307
76627	472584
76627	564527
76627	587523
76627	705175
78596	81034
78596	83416
78596	101220
78596	112689
78596	129293
78596	188617
79856	587523
81034	101220
81034	111687
81034	112689
81034	129293
81034	132261
81034	291302
81034	472584
83416	129293
92319	101220
92319	112689
98543	117558
98543	129293
98543	255681
98543	352643
98543	472584
98543	564527
98543	587523
101220	111687
101220	112689
101220	129293
101220	255681
111687	129115
111687	129293
111687	159152
111687	188617
111687	472584
111687	564527
112689	129293
112689	132261
112689	255681
117558	132261
117558	472584
117558	564527
117558	587523
129115	472584
129293	188617
129293	255681
129293	352643
132261	159152
132261	291302
132261	352643
132261	472584
132261	558576
132261	564527
132261	587523
159152	587523
231025	472584
291302	317307
291302	472584
291302	564527
291302	587523
317307	472584
317307	564527
317307	587523
352643	564527
472584	564527
472584	587523
472584	705175
558576	564527
564527	587523
587523	705175
