# Directed graph: graphs/deconvolved_folded_edgelist.txt 
# Nodes: 44 Edges: 45
# FromNodeId	ToNodeId
393	1551
3735	11497
2709	7104
1560	7590
1560	11497
153	937
153	1276
153	1752
153	2008
153	6707
153	7590
3484	3735
3484	11808
2461	12857
11808	12857
6823	12857
937	1276
175	8730
175	12857
175	25212
176	2008
59	1551
6067	7104
6067	43415
1342	1551
1342	12857
1342	25212
1874	6707
1874	7104
1874	7590
1874	12857
1874	43415
7396	9012
7396	9379
7396	11808
7396	25212
4068	11808
743	1276
743	1551
743	3735
743	6823
743	11497
743	11808
371	12857
371	37628
